71 40.0 89664
82 41.0 101223
51 27.0 68794
156 58.0 176308
91 40.0 110096
59 33.0 69589
120 63.0 153354
90 47.0 116050
107 59.0 128528
79 39.0 97287
114 54.0 139354
62 34.0 74688
51 26.0 62057
39 21.0 52310
43 21.0 54597
172 79.0 215005
104 46.0 126454
105 45.0 134320
106 51.0 125299
86 45.0 111714
62 35.0 76869
91 43.0 108391
106 46.0 127420
55 32.0 68714
42 24.0 53064
96 41.0 114972
82 43.0 106466
124 55.0 152353
103 40.0 127599
64 38.0 80778
113 51.0 136019
62 42.0 79092
46 21.0 57040
109 54.0 132925
147 60.0 178589
60 29.0 73698
75 40.0 94459
70 41.0 89302
51 26.0 63253
93 37.0 112668
42 27.0 53043
71 52.0 91080
81 53.0 98625
107 51.0 120799
64 44.0 86744
104 54.0 115615
54 29.0 72993
116 70.0 142392
90 64.0 110058
51 31.0 57857
