96 44.0 115384
77 44.0 95977
98 40.0 111805
134 60.0 159922
81 40.0 98546
98 39.0 116505
106 51.0 124462
79 44.0 98082
58 29.0 66837
75 32.0 91606
73 33.0 93342
61 33.0 78953
71 37.0 91646
62 34.0 74681
69 33.0 82112
68 32.0 84758
130 58.0 165202
82 40.0 100863
77 38.0 96359
139 62.0 178433
192 73.0 231785
85 40.0 109879
144 55.0 179218
107 48.0 131607
99 45.0 128111
126 61.0 159698
75 34.0 90208
98 48.0 119914
66 38.0 86840
55 29.0 69222
64 32.0 85594
61 33.0 76275
40 18.0 51058
80 41.0 95257
96 47.0 108070
144 58.0 171324
104 47.0 121885
151 64.0 175551
85 43.0 111620
46 29.0 58710
120 56.0 141255
139 61.0 170321
131 58.0 166506
73 32.0 94600
175 80.0 215601
194 83.0 227240
102 50.0 121814
48 25.0 59182
77 36.0 89683
102 45.0 125327
