55 26.0 71640
23 12.0 29198
25 14.0 32258
28 13.0 33806
36 16.0 46156
38 18.0 46625
19 10.0 22944
60 23.0 71691
28 14.0 35730
15 7.0 17381
30 16.0 39175
21 12.0 29000
35 17.0 45837
29 14.0 38686
22 12.0 30434
15 9.0 19969
22 11.0 27688
30 16.0 36018
25 15.0 32799
41 17.0 47020
24 12.0 29607
35 16.0 46783
33 18.0 40227
30 16.0 39650
36 17.0 45173
23 13.0 28041
26 14.0 31914
41 20.0 50229
20 11.0 25432
33 17.0 37965
28 15.0 37174
28 14.0 33793
21 11.0 26260
32 17.0 42628
24 11.0 28908
31 19.0 38430
19 10.0 23948
28 14.0 35912
40 18.0 47392
25 11.0 29294
28 12.0 31955
41 18.0 46027
41 17.0 45915
50 24.0 66471
49 23.0 56330
25 13.0 31291
34 15.0 41860
19 9.0 25822
21 10.0 24845
34 15.0 39052
