22 25.0 1 9 6 55557
38 43.0 1 12 5 99717
33 38.0 2 10 9 84755
29 35.0 1 9 7 73816
20 27.0 1 12 1 50100
44 43.0 1 9 11 106119
27 32.0 2 9 6 72381
42 40.0 1 12 7 98786
28 31.0 1 9 9 70275
42 49.0 2 9 5 108541
40 44.0 1 12 7 103439
26 30.0 1 12 7 71437
36 45.0 1 12 3 94087
29 29.0 1 12 5 68544
31 38.0 1 12 0 80284
23 24.0 1 12 5 57805
27 29.0 1 12 7 65992
11 13.0 1 9 8 26495
33 38.0 1 12 7 88242
27 30.0 2 9 8 69716
18 20.0 2 9 3 44997
28 31.0 1 12 6 69628
30 31.0 1 9 9 73420
19 20.0 1 9 9 46777
38 39.0 1 12 8 97009
12 15.0 1 12 0 28715
25 27.0 2 9 8 61304
23 25.0 1 9 8 57047
35 40.0 1 9 9 89863
