20 29.0 2 9 7 51765
32 52.0 2 9 7 82806
24 29.0 2 8 9 59995
14 21.0 1 12 7 34466
26 34.0 1 7 9 65835
23 31.0 1 12 5 58238
36 48.0 2 8 12 95066
27 34.0 2 8 12 71161
28 36.0 1 12 7 65309
31 42.0 2 10 9 75064
44 68.0 2 9 8 115435
33 44.0 1 12 7 79944
28 36.0 1 8 9 70083
20 33.0 2 6 12 51030
20 25.0 1 12 4 48468
27 43.0 2 9 7 73652
16 26.0 2 5 12 41836
41 58.0 2 9 6 104976
37 46.0 2 8 12 95786
35 50.0 1 12 6 92733
27 33.0 1 12 8 66242
43 61.0 2 9 8 111705
17 22.0 2 9 3 38450
31 37.0 1 12 7 74254
15 20.0 1 12 2 35130
16 22.0 1 12 7 40031
23 34.0 1 12 5 56575
46 61.0 2 8 12 112372
31 46.0 1 9 8 79047
24 33.0 1 12 5 59503
44 50.0 2 11 9 109583
