25 30.0 2 5 12 62133
29 34.0 2 7 12 76117
35 46.0 2 4 12 86300
39 52.0 1 8 9 97203
36 48.0 2 7 12 87944
37 43.0 2 8 12 98679
31 44.0 1 4 9 76060
24 28.0 1 4 9 59199
22 25.0 2 9 9 55445
35 41.0 1 9 11 83401
31 39.0 2 9 9 77432
32 39.0 2 4 12 75188
29 35.0 1 5 9 70430
41 58.0 2 10 9 106378
31 38.0 2 2 12 74242
47 56.0 1 7 9 124450
35 48.0 2 10 9 89831
33 38.0 2 8 12 83177
40 57.0 1 3 9 100417
42 52.0 1 9 11 108757
39 61.0 2 4 12 95094
34 58.0 1 5 9 91320
45 56.0 2 8 9 112523
34 62.0 1 6 9 88435
30 43.0 1 4 9 74971
43 76.0 2 4 12 106654
35 48.0 2 11 9 91166
27 44.0 2 8 9 69751
40 65.0 1 5 9 107958
48 62.0 2 9 9 120765
32 45.0 1 5 9 78531
