46 48.0 1 12 7 114962
69 75.0 1 12 6 165754
73 70.0 2 11 9 179737
50 55.0 2 8 12 124714
55 58.0 1 5 9 146290
35 36.0 2 3 12 87572
39 43.0 1 12 8 101105
63 68.0 2 11 9 161601
28 32.0 2 8 9 71752
71 70.0 1 12 8 171138
69 70.0 2 8 12 179994
57 61.0 1 6 9 135716
38 42.0 1 6 9 99563
93 94.0 1 7 9 238460
44 49.0 1 7 9 113763
61 64.0 2 6 12 161665
37 42.0 2 9 9 93893
18 23.0 2 1 12 43710
69 60.0 1 12 8 169205
62 52.0 1 9 11 154685
45 52.0 1 5 9 111635
66 67.0 1 7 9 168844
49 54.0 1 8 9 131573
44 45.0 2 8 12 116449
42 50.0 2 4 12 105580
64 62.0 1 12 7 154494
77 84.0 2 7 12 199463
32 40.0 2 9 5 88140
25 27.0 2 4 12 63307
54 58.0 1 7 9 135789
